556
383
157
127
319
573
257
300
238
116
223
208
272
146
468
371
356
53
861
331
337
97
163
575
217
221
295
429
359
244
289
143
288
350
187
140
111
280
192
300
376
874
113
217
47
227
767
574
250
320
361
96
507
110
92
94
65
114
134
393
703
392
251
185
104
368
149
505
943
446
446
208
472
242
162
94
154
352
60
451
90
245
303
236
217
97
95
394
718
68
205
199
269
36
451
157
217
230
434
553
172
183
213
119
950
45
279
397
362
366
141
661
202
431
332
358
256
330
227
445
284
297
700
492
171
113
55
249
188
380
254
354
445
264
444
84
259
95
49
467
1067
412
210
85
522
1068
469
439
56
203
481
582
155
144
236
283
212
213
737
125
161
209
234
180
75
107
117
182
605
313
217
193
602
164
276
308
415
128
179
366
160
201
119
497
217
447
410
258
208
197
405
55
351
71
192
272
503
112
236
90
642
415
233
325
233
202
208
729
261
644
392
129
348
1161
59
222
161
40
240
528
67
165
396
503
417
